2016/06/13-03:20:57.042258 7fd5c6ffd700 Recovering log #8
2016/06/13-03:20:57.046145 7fd5c6ffd700 Recovering log #9
2016/06/13-03:20:57.050087 7fd5c6ffd700 Recovering log #10
2016/06/13-03:20:57.051715 7fd5c6ffd700 Recovering log #11
2016/06/13-03:20:57.053370 7fd5c6ffd700 Recovering log #12
2016/06/13-03:20:57.055597 7fd5c6ffd700 Recovering log #13
2016/06/13-03:20:57.058692 7fd5c6ffd700 Recovering log #14
2016/06/13-03:20:57.061055 7fd5c6ffd700 Recovering log #15
2016/06/13-03:20:57.062880 7fd5c6ffd700 Recovering log #16
2016/06/13-03:20:57.065280 7fd5c6ffd700 Recovering log #17
2016/06/13-03:20:57.068011 7fd5c6ffd700 Recovering log #18
2016/06/13-03:20:57.070534 7fd5c6ffd700 Recovering log #19
2016/06/13-03:20:57.075975 7fd5c6ffd700 Recovering log #20
2016/06/13-03:20:57.077520 7fd5c6ffd700 Recovering log #21
2016/06/13-03:20:57.082944 7fd5c6ffd700 Recovering log #22
2016/06/13-03:20:57.084838 7fd5c6ffd700 Recovering log #23
2016/06/13-03:20:57.087273 7fd5c6ffd700 Recovering log #24
2016/06/13-03:20:57.107615 7fd5c6ffd700 Recovering log #25
2016/06/13-03:20:57.109558 7fd5c6ffd700 Recovering log #26
2016/06/13-03:20:57.111191 7fd5c6ffd700 Recovering log #27
2016/06/13-03:20:57.113855 7fd5c6ffd700 Recovering log #28
2016/06/13-03:20:57.117878 7fd5c6ffd700 Recovering log #29
2016/06/13-03:20:57.119930 7fd5c6ffd700 Recovering log #30
2016/06/13-03:20:57.123153 7fd5c6ffd700 Recovering log #31
2016/06/13-03:20:57.125686 7fd5c6ffd700 Recovering log #32
2016/06/13-03:20:57.128030 7fd5c6ffd700 Recovering log #33
2016/06/13-03:20:57.132355 7fd5c6ffd700 Recovering log #34
2016/06/13-03:20:57.134601 7fd5c6ffd700 Recovering log #35
2016/06/13-03:20:57.135233 7fd5c6ffd700 Recovering log #36
2016/06/13-03:20:57.138836 7fd5c6ffd700 Recovering log #37
2016/06/13-03:20:57.141321 7fd5c6ffd700 Recovering log #38
2016/06/13-03:20:57.144259 7fd5c6ffd700 Recovering log #39
2016/06/13-03:20:57.146560 7fd5c6ffd700 Recovering log #40
2016/06/13-03:20:57.151651 7fd5c6ffd700 Recovering log #41
2016/06/13-03:20:57.156069 7fd5c6ffd700 Recovering log #42
2016/06/13-03:20:57.160475 7fd5c6ffd700 Recovering log #43
2016/06/13-03:20:57.165331 7fd5c6ffd700 Recovering log #44
2016/06/13-03:20:57.167592 7fd5c6ffd700 Recovering log #45
2016/06/13-03:20:57.170444 7fd5c6ffd700 Recovering log #46
2016/06/13-03:20:57.173143 7fd5c6ffd700 Recovering log #47
2016/06/13-03:20:57.174615 7fd5c6ffd700 Recovering log #48
2016/06/13-03:20:57.177285 7fd5c6ffd700 Recovering log #49
2016/06/13-03:20:57.181372 7fd5c6ffd700 Recovering log #50
2016/06/13-03:20:57.183334 7fd5c6ffd700 Recovering log #51
2016/06/13-03:20:57.185375 7fd5c6ffd700 Recovering log #52
2016/06/13-03:20:57.187825 7fd5c6ffd700 Recovering log #53
2016/06/13-03:20:57.193092 7fd5c6ffd700 Recovering log #54
2016/06/13-03:20:57.209473 7fd5c6ffd700 Recovering log #55
2016/06/13-03:20:57.212007 7fd5c6ffd700 Recovering log #56
2016/06/13-03:20:57.214492 7fd5c6ffd700 Recovering log #57
2016/06/13-03:20:57.217383 7fd5c6ffd700 Recovering log #58
2016/06/13-03:20:57.221789 7fd5c6ffd700 Recovering log #59
2016/06/13-03:20:57.224937 7fd5c6ffd700 Recovering log #60
2016/06/13-03:20:57.241723 7fd5c6ffd700 Recovering log #61
2016/06/13-03:20:57.252539 7fd5c6ffd700 Recovering log #62
2016/06/13-03:20:57.255055 7fd5c6ffd700 Recovering log #63
2016/06/13-03:20:57.256982 7fd5c6ffd700 Recovering log #64
2016/06/13-03:20:57.259092 7fd5c6ffd700 Recovering log #65
2016/06/13-03:20:57.261646 7fd5c6ffd700 Recovering log #66
2016/06/13-03:20:57.264557 7fd5c6ffd700 Recovering log #67
2016/06/13-03:20:57.268731 7fd5c6ffd700 Recovering log #68
2016/06/13-03:20:57.272788 7fd5c6ffd700 Recovering log #69
2016/06/13-03:20:57.276166 7fd5c6ffd700 Recovering log #70
2016/06/13-03:20:57.278285 7fd5c6ffd700 Recovering log #71
2016/06/13-03:20:57.282826 7fd5c6ffd700 Recovering log #72
2016/06/13-03:20:57.285105 7fd5c6ffd700 Recovering log #73
2016/06/13-03:20:57.297094 7fd5c6ffd700 Recovering log #74
2016/06/13-03:20:57.304336 7fd5c6ffd700 Recovering log #75
2016/06/13-03:20:57.308037 7fd5c6ffd700 Recovering log #76
2016/06/13-03:20:57.311418 7fd5c6ffd700 Recovering log #77
2016/06/13-03:20:57.318077 7fd5c6ffd700 Recovering log #78
2016/06/13-03:20:57.320639 7fd5c6ffd700 Recovering log #79
2016/06/13-03:20:57.328697 7fd5c6ffd700 Recovering log #80
2016/06/13-03:20:57.331610 7fd5c6ffd700 Recovering log #81
2016/06/13-03:20:57.332324 7fd5c6ffd700 Recovering log #82
2016/06/13-03:20:57.332984 7fd5c6ffd700 Recovering log #83
2016/06/13-03:20:57.333621 7fd5c6ffd700 Recovering log #84
2016/06/13-03:20:57.334253 7fd5c6ffd700 Recovering log #85
2016/06/13-03:20:57.334887 7fd5c6ffd700 Recovering log #86
2016/06/13-03:20:57.335523 7fd5c6ffd700 Recovering log #87
2016/06/13-03:20:57.336153 7fd5c6ffd700 Recovering log #88
2016/06/13-03:20:57.337230 7fd5c6ffd700 Recovering log #89
2016/06/13-03:20:57.371576 7fd5c6ffd700 Recovering log #90
2016/06/13-03:20:57.373332 7fd5c6ffd700 Recovering log #91
2016/06/13-03:20:57.376074 7fd5c6ffd700 Recovering log #92
2016/06/13-03:20:57.378555 7fd5c6ffd700 Recovering log #93
2016/06/13-03:20:57.381496 7fd5c6ffd700 Recovering log #94
2016/06/13-03:20:57.387264 7fd5c6ffd700 Recovering log #95
2016/06/13-03:20:57.388917 7fd5c6ffd700 Recovering log #96
2016/06/13-03:20:57.395238 7fd5c6ffd700 Recovering log #97
2016/06/13-03:20:57.397540 7fd5c6ffd700 Recovering log #98
2016/06/13-03:20:57.400087 7fd5c6ffd700 Recovering log #99
2016/06/13-03:20:57.401754 7fd5c6ffd700 Recovering log #100
2016/06/13-03:20:57.403931 7fd5c6ffd700 Recovering log #101
2016/06/13-03:20:57.405466 7fd5c6ffd700 Recovering log #102
2016/06/13-03:20:57.408043 7fd5c6ffd700 Recovering log #103
2016/06/13-03:20:57.410690 7fd5c6ffd700 Recovering log #104
2016/06/13-03:20:57.414415 7fd5c6ffd700 Recovering log #105
2016/06/13-03:20:57.416055 7fd5c6ffd700 Recovering log #106
2016/06/13-03:20:57.422153 7fd5c6ffd700 Recovering log #107
2016/06/13-03:20:57.423733 7fd5c6ffd700 Recovering log #108
2016/06/13-03:20:57.426245 7fd5c6ffd700 Recovering log #109
2016/06/13-03:20:57.428170 7fd5c6ffd700 Recovering log #110
2016/06/13-03:20:57.430284 7fd5c6ffd700 Recovering log #111
2016/06/13-03:20:57.432791 7fd5c6ffd700 Recovering log #112
2016/06/13-03:20:57.436432 7fd5c6ffd700 Recovering log #113
2016/06/13-03:20:57.438933 7fd5c6ffd700 Recovering log #114
2016/06/13-03:20:57.441856 7fd5c6ffd700 Recovering log #115
2016/06/13-03:20:57.446930 7fd5c6ffd700 Recovering log #116
2016/06/13-03:20:57.450541 7fd5c6ffd700 Recovering log #117
2016/06/13-03:20:57.452881 7fd5c6ffd700 Recovering log #118
2016/06/13-03:20:57.456299 7fd5c6ffd700 Recovering log #119
2016/06/13-03:20:57.458294 7fd5c6ffd700 Recovering log #120
2016/06/13-03:20:57.461432 7fd5c6ffd700 Recovering log #121
2016/06/13-03:20:57.465791 7fd5c6ffd700 Recovering log #122
2016/06/13-03:20:57.469561 7fd5c6ffd700 Recovering log #123
2016/06/13-03:20:57.474883 7fd5c6ffd700 Recovering log #124
2016/06/13-03:20:57.478265 7fd5c6ffd700 Recovering log #125
2016/06/13-03:20:57.481356 7fd5c6ffd700 Recovering log #126
2016/06/13-03:20:57.483561 7fd5c6ffd700 Recovering log #127
2016/06/13-03:20:57.487107 7fd5c6ffd700 Recovering log #128
2016/06/13-03:20:57.497942 7fd5c6ffd700 Recovering log #129
2016/06/13-03:20:57.499180 7fd5c6ffd700 Recovering log #130
2016/06/13-03:20:57.503758 7fd5c6ffd700 Recovering log #131
2016/06/13-03:20:57.511376 7fd5c6ffd700 Recovering log #132
2016/06/13-03:20:57.514333 7fd5c6ffd700 Recovering log #133
2016/06/13-03:20:57.517020 7fd5c6ffd700 Recovering log #134
2016/06/13-03:20:57.519165 7fd5c6ffd700 Recovering log #135
2016/06/13-03:20:57.520825 7fd5c6ffd700 Recovering log #136
2016/06/13-03:20:57.524784 7fd5c6ffd700 Recovering log #137
2016/06/13-03:20:57.528693 7fd5c6ffd700 Recovering log #138
2016/06/13-03:20:57.531422 7fd5c6ffd700 Recovering log #139
2016/06/13-03:20:57.533554 7fd5c6ffd700 Recovering log #140
2016/06/13-03:20:57.534848 7fd5c6ffd700 Recovering log #141
2016/06/13-03:20:57.536822 7fd5c6ffd700 Recovering log #142
2016/06/13-03:20:57.539156 7fd5c6ffd700 Recovering log #143
2016/06/13-03:20:57.541155 7fd5c6ffd700 Recovering log #144
2016/06/13-03:20:57.544105 7fd5c6ffd700 Recovering log #145
2016/06/13-03:20:57.546122 7fd5c6ffd700 Recovering log #146
2016/06/13-03:20:57.549497 7fd5c6ffd700 Recovering log #147
2016/06/13-03:20:57.552997 7fd5c6ffd700 Recovering log #148
2016/06/13-03:20:57.558650 7fd5c6ffd700 Recovering log #149
2016/06/13-03:20:57.562209 7fd5c6ffd700 Recovering log #150
2016/06/13-03:20:57.568500 7fd5c6ffd700 Recovering log #151
2016/06/13-03:20:57.573340 7fd5c6ffd700 Recovering log #152
2016/06/13-03:20:57.576126 7fd5c6ffd700 Recovering log #153
2016/06/13-03:20:57.579483 7fd5c6ffd700 Recovering log #154
2016/06/13-03:20:57.582178 7fd5c6ffd700 Recovering log #155
2016/06/13-03:20:57.584542 7fd5c6ffd700 Recovering log #156
2016/06/13-03:20:57.586798 7fd5c6ffd700 Recovering log #157
2016/06/13-03:20:57.590746 7fd5c6ffd700 Recovering log #158
2016/06/13-03:20:57.591898 7fd5c6ffd700 Recovering log #159
2016/06/13-03:20:57.600494 7fd5c6ffd700 Recovering log #160
2016/06/13-03:20:57.602300 7fd5c6ffd700 Recovering log #161
2016/06/13-03:20:57.604125 7fd5c6ffd700 Recovering log #162
2016/06/13-03:20:57.605645 7fd5c6ffd700 Recovering log #163
2016/06/13-03:20:57.608267 7fd5c6ffd700 Recovering log #164
2016/06/13-03:20:57.610855 7fd5c6ffd700 Recovering log #165
2016/06/13-03:20:57.613007 7fd5c6ffd700 Recovering log #166
2016/06/13-03:20:57.613793 7fd5c6ffd700 Recovering log #167
2016/06/13-03:20:57.631592 7fd5c6ffd700 Recovering log #168
2016/06/13-03:20:57.632240 7fd5c6ffd700 Recovering log #169
2016/06/13-03:20:57.636019 7fd5c6ffd700 Recovering log #170
2016/06/13-03:20:57.637976 7fd5c6ffd700 Recovering log #171
2016/06/13-03:20:57.656499 7fd5c6ffd700 Recovering log #172
2016/06/13-03:20:57.657571 7fd5c6ffd700 Recovering log #173
2016/06/13-03:20:57.659198 7fd5c6ffd700 Recovering log #174
2016/06/13-03:20:57.661529 7fd5c6ffd700 Recovering log #175
2016/06/13-03:20:57.663753 7fd5c6ffd700 Recovering log #176
2016/06/13-03:20:57.665323 7fd5c6ffd700 Recovering log #177
2016/06/13-03:20:57.667473 7fd5c6ffd700 Recovering log #178
2016/06/13-03:20:57.670936 7fd5c6ffd700 Recovering log #179
2016/06/13-03:20:57.677854 7fd5c6ffd700 Recovering log #180
2016/06/13-03:20:57.679476 7fd5c6ffd700 Recovering log #181
2016/06/13-03:20:57.680744 7fd5c6ffd700 Recovering log #182
2016/06/13-03:20:57.682256 7fd5c6ffd700 Recovering log #183
2016/06/13-03:20:57.687778 7fd5c6ffd700 Recovering log #184
2016/06/13-03:20:57.688661 7fd5c6ffd700 Recovering log #185
2016/06/13-03:20:57.690383 7fd5c6ffd700 Recovering log #186
2016/06/13-03:20:57.691698 7fd5c6ffd700 Recovering log #187
2016/06/13-03:20:57.693347 7fd5c6ffd700 Recovering log #188
2016/06/13-03:20:57.699812 7fd5c6ffd700 Recovering log #189
2016/06/13-03:20:57.700505 7fd5c6ffd700 Recovering log #190
2016/06/13-03:20:57.711649 7fd5c6ffd700 Recovering log #191
2016/06/13-03:20:57.716042 7fd5c6ffd700 Recovering log #192
2016/06/13-03:20:57.719063 7fd5c6ffd700 Recovering log #193
2016/06/13-03:20:57.728722 7fd5c6ffd700 Recovering log #194
2016/06/13-03:20:57.730525 7fd5c6ffd700 Recovering log #195
2016/06/13-03:20:57.732301 7fd5c6ffd700 Recovering log #196
2016/06/13-03:20:57.735052 7fd5c6ffd700 Recovering log #197
2016/06/13-03:20:57.736017 7fd5c6ffd700 Recovering log #198
2016/06/13-03:20:57.737062 7fd5c6ffd700 Recovering log #199
2016/06/13-03:20:57.760382 7fd5c6ffd700 Recovering log #200
2016/06/13-03:20:57.762108 7fd5c6ffd700 Recovering log #201
2016/06/13-03:20:57.763666 7fd5c6ffd700 Recovering log #202
2016/06/13-03:20:57.772243 7fd5c6ffd700 Recovering log #203
2016/06/13-03:20:57.786461 7fd5c6ffd700 Recovering log #204
2016/06/13-03:20:57.789275 7fd5c6ffd700 Recovering log #205
2016/06/13-03:20:57.791547 7fd5c6ffd700 Recovering log #206
2016/06/13-03:20:57.793750 7fd5c6ffd700 Recovering log #207
2016/06/13-03:20:57.800517 7fd5c6ffd700 Recovering log #208
2016/06/13-03:20:57.820447 7fd5c6ffd700 MANIFEST write: IO error: activity: Invalid argument
