2016/06/13-03:50:28.341974 7f55827fc700 Recovering log #8
2016/06/13-03:50:28.344837 7f55827fc700 Recovering log #9
2016/06/13-03:50:28.347639 7f55827fc700 Recovering log #10
2016/06/13-03:50:28.349505 7f55827fc700 Recovering log #11
2016/06/13-03:50:28.350951 7f55827fc700 Recovering log #12
2016/06/13-03:50:28.352840 7f55827fc700 Recovering log #13
2016/06/13-03:50:28.355098 7f55827fc700 Recovering log #14
2016/06/13-03:50:28.357381 7f55827fc700 Recovering log #15
2016/06/13-03:50:28.359049 7f55827fc700 Recovering log #16
2016/06/13-03:50:28.360775 7f55827fc700 Recovering log #17
2016/06/13-03:50:28.367946 7f55827fc700 Recovering log #18
2016/06/13-03:50:28.369608 7f55827fc700 Recovering log #19
2016/06/13-03:50:28.375187 7f55827fc700 Recovering log #20
2016/06/13-03:50:28.376701 7f55827fc700 Recovering log #21
2016/06/13-03:50:28.378304 7f55827fc700 Recovering log #22
2016/06/13-03:50:28.380565 7f55827fc700 Recovering log #23
2016/06/13-03:50:28.382772 7f55827fc700 Recovering log #24
2016/06/13-03:50:28.384270 7f55827fc700 Recovering log #25
2016/06/13-03:50:28.385546 7f55827fc700 Recovering log #26
2016/06/13-03:50:28.387687 7f55827fc700 Recovering log #27
2016/06/13-03:50:28.389573 7f55827fc700 Recovering log #28
2016/06/13-03:50:28.391658 7f55827fc700 Recovering log #29
2016/06/13-03:50:28.392947 7f55827fc700 Recovering log #30
2016/06/13-03:50:28.394606 7f55827fc700 Recovering log #31
2016/06/13-03:50:28.396182 7f55827fc700 Recovering log #32
2016/06/13-03:50:28.398326 7f55827fc700 Recovering log #33
2016/06/13-03:50:28.399618 7f55827fc700 Recovering log #34
2016/06/13-03:50:28.401330 7f55827fc700 Recovering log #35
2016/06/13-03:50:28.404172 7f55827fc700 Recovering log #36
2016/06/13-03:50:28.408265 7f55827fc700 Recovering log #37
2016/06/13-03:50:28.413111 7f55827fc700 Recovering log #38
2016/06/13-03:50:28.415473 7f55827fc700 Recovering log #39
2016/06/13-03:50:28.417958 7f55827fc700 Recovering log #40
2016/06/13-03:50:28.420734 7f55827fc700 Recovering log #41
2016/06/13-03:50:28.422413 7f55827fc700 Recovering log #42
2016/06/13-03:50:28.424883 7f55827fc700 Recovering log #43
2016/06/13-03:50:28.426513 7f55827fc700 Recovering log #44
2016/06/13-03:50:28.435047 7f55827fc700 Recovering log #45
2016/06/13-03:50:28.440666 7f55827fc700 Recovering log #46
2016/06/13-03:50:28.442077 7f55827fc700 Recovering log #47
2016/06/13-03:50:28.444822 7f55827fc700 Recovering log #48
2016/06/13-03:50:28.446590 7f55827fc700 Recovering log #49
2016/06/13-03:50:28.447804 7f55827fc700 Recovering log #50
2016/06/13-03:50:28.450825 7f55827fc700 Recovering log #51
2016/06/13-03:50:28.452334 7f55827fc700 Recovering log #52
2016/06/13-03:50:28.455849 7f55827fc700 Recovering log #53
2016/06/13-03:50:28.457973 7f55827fc700 Recovering log #54
2016/06/13-03:50:28.459943 7f55827fc700 Recovering log #55
2016/06/13-03:50:28.463549 7f55827fc700 Recovering log #56
2016/06/13-03:50:28.467240 7f55827fc700 Recovering log #57
2016/06/13-03:50:28.470086 7f55827fc700 Recovering log #58
2016/06/13-03:50:28.474238 7f55827fc700 Recovering log #59
2016/06/13-03:50:28.475886 7f55827fc700 Recovering log #60
2016/06/13-03:50:28.477187 7f55827fc700 Recovering log #61
2016/06/13-03:50:28.478810 7f55827fc700 Recovering log #62
2016/06/13-03:50:28.480187 7f55827fc700 Recovering log #63
2016/06/13-03:50:28.482883 7f55827fc700 Recovering log #64
2016/06/13-03:50:28.484218 7f55827fc700 Recovering log #65
2016/06/13-03:50:28.486241 7f55827fc700 Recovering log #66
2016/06/13-03:50:28.491312 7f55827fc700 Recovering log #67
2016/06/13-03:50:28.493099 7f55827fc700 Recovering log #68
2016/06/13-03:50:28.495193 7f55827fc700 Recovering log #69
2016/06/13-03:50:28.497231 7f55827fc700 Recovering log #70
2016/06/13-03:50:28.499291 7f55827fc700 Recovering log #71
2016/06/13-03:50:28.500830 7f55827fc700 Recovering log #72
2016/06/13-03:50:28.502707 7f55827fc700 Recovering log #73
2016/06/13-03:50:28.504200 7f55827fc700 Recovering log #74
2016/06/13-03:50:28.506874 7f55827fc700 Recovering log #75
2016/06/13-03:50:28.512293 7f55827fc700 Recovering log #76
2016/06/13-03:50:28.514148 7f55827fc700 Recovering log #77
2016/06/13-03:50:28.517567 7f55827fc700 Recovering log #78
2016/06/13-03:50:28.519747 7f55827fc700 Recovering log #79
2016/06/13-03:50:28.522038 7f55827fc700 Recovering log #80
2016/06/13-03:50:28.524335 7f55827fc700 Recovering log #81
2016/06/13-03:50:28.530556 7f55827fc700 Recovering log #82
2016/06/13-03:50:28.535692 7f55827fc700 Recovering log #83
2016/06/13-03:50:28.539959 7f55827fc700 Recovering log #84
2016/06/13-03:50:28.541896 7f55827fc700 Recovering log #85
2016/06/13-03:50:28.544884 7f55827fc700 Recovering log #86
2016/06/13-03:50:28.546347 7f55827fc700 Recovering log #87
2016/06/13-03:50:28.548508 7f55827fc700 Recovering log #88
2016/06/13-03:50:28.550556 7f55827fc700 Recovering log #89
2016/06/13-03:50:28.551952 7f55827fc700 Recovering log #90
2016/06/13-03:50:28.553137 7f55827fc700 Recovering log #91
2016/06/13-03:50:28.555462 7f55827fc700 Recovering log #92
2016/06/13-03:50:28.556784 7f55827fc700 Recovering log #93
2016/06/13-03:50:28.558924 7f55827fc700 Recovering log #94
2016/06/13-03:50:28.560857 7f55827fc700 Recovering log #95
2016/06/13-03:50:28.562322 7f55827fc700 Recovering log #96
2016/06/13-03:50:28.564332 7f55827fc700 Recovering log #97
2016/06/13-03:50:28.565930 7f55827fc700 Recovering log #98
2016/06/13-03:50:28.567855 7f55827fc700 Recovering log #99
2016/06/13-03:50:28.569634 7f55827fc700 Recovering log #100
2016/06/13-03:50:28.571689 7f55827fc700 Recovering log #101
2016/06/13-03:50:28.573181 7f55827fc700 Recovering log #102
2016/06/13-03:50:28.574649 7f55827fc700 Recovering log #103
2016/06/13-03:50:28.576338 7f55827fc700 Recovering log #104
2016/06/13-03:50:28.579648 7f55827fc700 Recovering log #105
2016/06/13-03:50:28.581173 7f55827fc700 Recovering log #106
2016/06/13-03:50:28.583120 7f55827fc700 Recovering log #107
2016/06/13-03:50:28.584964 7f55827fc700 Recovering log #108
2016/06/13-03:50:28.586592 7f55827fc700 Recovering log #109
2016/06/13-03:50:28.588265 7f55827fc700 Recovering log #110
2016/06/13-03:50:28.589940 7f55827fc700 Recovering log #111
2016/06/13-03:50:28.591849 7f55827fc700 Recovering log #112
2016/06/13-03:50:28.593453 7f55827fc700 Recovering log #113
2016/06/13-03:50:28.596159 7f55827fc700 Recovering log #114
2016/06/13-03:50:28.597669 7f55827fc700 Recovering log #115
2016/06/13-03:50:28.599187 7f55827fc700 Recovering log #116
2016/06/13-03:50:28.600567 7f55827fc700 Recovering log #117
2016/06/13-03:50:28.602926 7f55827fc700 Recovering log #118
2016/06/13-03:50:28.605718 7f55827fc700 Recovering log #119
2016/06/13-03:50:28.610519 7f55827fc700 Recovering log #120
2016/06/13-03:50:28.612773 7f55827fc700 Recovering log #121
2016/06/13-03:50:28.614509 7f55827fc700 Recovering log #122
2016/06/13-03:50:28.616165 7f55827fc700 Recovering log #123
2016/06/13-03:50:28.617658 7f55827fc700 Recovering log #124
2016/06/13-03:50:28.619450 7f55827fc700 Recovering log #125
2016/06/13-03:50:28.621747 7f55827fc700 Recovering log #126
2016/06/13-03:50:28.622900 7f55827fc700 Recovering log #127
2016/06/13-03:50:28.624034 7f55827fc700 Recovering log #128
2016/06/13-03:50:28.625519 7f55827fc700 Recovering log #129
2016/06/13-03:50:28.629557 7f55827fc700 Recovering log #130
2016/06/13-03:50:28.631255 7f55827fc700 Recovering log #131
2016/06/13-03:50:28.633157 7f55827fc700 Recovering log #132
2016/06/13-03:50:28.634782 7f55827fc700 Recovering log #133
2016/06/13-03:50:28.637019 7f55827fc700 Recovering log #134
2016/06/13-03:50:28.638238 7f55827fc700 Recovering log #135
2016/06/13-03:50:28.639566 7f55827fc700 Recovering log #136
2016/06/13-03:50:28.641092 7f55827fc700 Recovering log #137
2016/06/13-03:50:28.642772 7f55827fc700 Recovering log #138
2016/06/13-03:50:28.644081 7f55827fc700 Recovering log #139
2016/06/13-03:50:28.645752 7f55827fc700 Recovering log #140
2016/06/13-03:50:28.648123 7f55827fc700 Recovering log #141
2016/06/13-03:50:28.649619 7f55827fc700 Recovering log #142
2016/06/13-03:50:28.650749 7f55827fc700 Recovering log #143
2016/06/13-03:50:28.652364 7f55827fc700 Recovering log #144
2016/06/13-03:50:28.654142 7f55827fc700 Recovering log #145
2016/06/13-03:50:28.655577 7f55827fc700 Recovering log #146
2016/06/13-03:50:28.657274 7f55827fc700 Recovering log #147
2016/06/13-03:50:28.659419 7f55827fc700 Recovering log #148
2016/06/13-03:50:28.661557 7f55827fc700 Recovering log #149
2016/06/13-03:50:28.663231 7f55827fc700 Recovering log #150
2016/06/13-03:50:28.664762 7f55827fc700 Recovering log #151
2016/06/13-03:50:28.666485 7f55827fc700 Recovering log #152
2016/06/13-03:50:28.668240 7f55827fc700 Recovering log #153
2016/06/13-03:50:28.669786 7f55827fc700 Recovering log #154
2016/06/13-03:50:28.671296 7f55827fc700 Recovering log #155
2016/06/13-03:50:28.672922 7f55827fc700 Recovering log #156
2016/06/13-03:50:28.674671 7f55827fc700 Recovering log #157
2016/06/13-03:50:28.676152 7f55827fc700 Recovering log #158
2016/06/13-03:50:28.677729 7f55827fc700 Recovering log #159
2016/06/13-03:50:28.680017 7f55827fc700 Recovering log #160
2016/06/13-03:50:28.682180 7f55827fc700 Recovering log #161
2016/06/13-03:50:28.685666 7f55827fc700 Recovering log #162
2016/06/13-03:50:28.689048 7f55827fc700 Recovering log #163
2016/06/13-03:50:28.690926 7f55827fc700 Recovering log #164
2016/06/13-03:50:28.694822 7f55827fc700 Recovering log #165
2016/06/13-03:50:28.696249 7f55827fc700 Recovering log #166
2016/06/13-03:50:28.697529 7f55827fc700 Recovering log #167
2016/06/13-03:50:28.699158 7f55827fc700 Recovering log #168
2016/06/13-03:50:28.700440 7f55827fc700 Recovering log #169
2016/06/13-03:50:28.703489 7f55827fc700 Recovering log #170
2016/06/13-03:50:28.704839 7f55827fc700 Recovering log #171
2016/06/13-03:50:28.706598 7f55827fc700 Recovering log #172
2016/06/13-03:50:28.708564 7f55827fc700 Recovering log #173
2016/06/13-03:50:28.713533 7f55827fc700 Recovering log #174
2016/06/13-03:50:28.714956 7f55827fc700 Recovering log #175
2016/06/13-03:50:28.716945 7f55827fc700 Recovering log #176
2016/06/13-03:50:28.719078 7f55827fc700 Recovering log #177
2016/06/13-03:50:28.721001 7f55827fc700 Recovering log #178
2016/06/13-03:50:28.722850 7f55827fc700 Recovering log #179
2016/06/13-03:50:28.724197 7f55827fc700 Recovering log #180
2016/06/13-03:50:28.725757 7f55827fc700 Recovering log #181
2016/06/13-03:50:28.727182 7f55827fc700 Recovering log #182
2016/06/13-03:50:28.731754 7f55827fc700 Recovering log #183
2016/06/13-03:50:28.733129 7f55827fc700 Recovering log #184
2016/06/13-03:50:28.734648 7f55827fc700 Recovering log #185
2016/06/13-03:50:28.736197 7f55827fc700 Recovering log #186
2016/06/13-03:50:28.737580 7f55827fc700 Recovering log #187
2016/06/13-03:50:28.739073 7f55827fc700 Recovering log #188
2016/06/13-03:50:28.741079 7f55827fc700 Recovering log #189
2016/06/13-03:50:28.743546 7f55827fc700 Recovering log #190
2016/06/13-03:50:28.745839 7f55827fc700 Recovering log #191
2016/06/13-03:50:28.747041 7f55827fc700 Recovering log #192
2016/06/13-03:50:28.749039 7f55827fc700 Recovering log #193
2016/06/13-03:50:28.750465 7f55827fc700 Recovering log #194
2016/06/13-03:50:28.752349 7f55827fc700 Recovering log #195
2016/06/13-03:50:28.756337 7f55827fc700 Recovering log #196
2016/06/13-03:50:28.757878 7f55827fc700 Recovering log #197
2016/06/13-03:50:28.759407 7f55827fc700 Recovering log #198
2016/06/13-03:50:28.760941 7f55827fc700 Recovering log #199
2016/06/13-03:50:28.762839 7f55827fc700 Recovering log #200
2016/06/13-03:50:28.764467 7f55827fc700 Recovering log #201
2016/06/13-03:50:28.767693 7f55827fc700 Recovering log #202
2016/06/13-03:50:28.769211 7f55827fc700 Recovering log #203
2016/06/13-03:50:28.770618 7f55827fc700 Recovering log #204
2016/06/13-03:50:28.771732 7f55827fc700 Recovering log #205
2016/06/13-03:50:28.773487 7f55827fc700 Recovering log #206
2016/06/13-03:50:28.775269 7f55827fc700 Recovering log #207
2016/06/13-03:50:28.776922 7f55827fc700 Recovering log #208
2016/06/13-03:50:28.780242 7f55827fc700 Recovering log #209
2016/06/13-03:50:28.782281 7f55827fc700 Recovering log #210
2016/06/13-03:50:28.783848 7f55827fc700 Recovering log #211
2016/06/13-03:50:28.785060 7f55827fc700 Recovering log #212
2016/06/13-03:50:28.786374 7f55827fc700 Recovering log #213
2016/06/13-03:50:28.813664 7f55827fc700 MANIFEST write: IO error: activity: Invalid argument
