2016/06/13-03:41:37.721241 7f20dd6ae700 Recovering log #8
2016/06/13-03:41:37.723014 7f20dd6ae700 Recovering log #9
2016/06/13-03:41:37.724565 7f20dd6ae700 Recovering log #10
2016/06/13-03:41:37.726441 7f20dd6ae700 Recovering log #11
2016/06/13-03:41:37.727872 7f20dd6ae700 Recovering log #12
2016/06/13-03:41:37.729952 7f20dd6ae700 Recovering log #13
2016/06/13-03:41:37.732089 7f20dd6ae700 Recovering log #14
2016/06/13-03:41:37.734548 7f20dd6ae700 Recovering log #15
2016/06/13-03:41:37.737017 7f20dd6ae700 Recovering log #16
2016/06/13-03:41:37.738301 7f20dd6ae700 Recovering log #17
2016/06/13-03:41:37.741111 7f20dd6ae700 Recovering log #18
2016/06/13-03:41:37.742705 7f20dd6ae700 Recovering log #19
2016/06/13-03:41:37.744206 7f20dd6ae700 Recovering log #20
2016/06/13-03:41:37.748211 7f20dd6ae700 Recovering log #21
2016/06/13-03:41:37.750298 7f20dd6ae700 Recovering log #22
2016/06/13-03:41:37.752024 7f20dd6ae700 Recovering log #23
2016/06/13-03:41:37.753791 7f20dd6ae700 Recovering log #24
2016/06/13-03:41:37.755339 7f20dd6ae700 Recovering log #25
2016/06/13-03:41:37.757070 7f20dd6ae700 Recovering log #26
2016/06/13-03:41:37.758806 7f20dd6ae700 Recovering log #27
2016/06/13-03:41:37.763004 7f20dd6ae700 Recovering log #28
2016/06/13-03:41:37.764569 7f20dd6ae700 Recovering log #29
2016/06/13-03:41:37.766287 7f20dd6ae700 Recovering log #30
2016/06/13-03:41:37.768243 7f20dd6ae700 Recovering log #31
2016/06/13-03:41:37.769897 7f20dd6ae700 Recovering log #32
2016/06/13-03:41:37.771328 7f20dd6ae700 Recovering log #33
2016/06/13-03:41:37.773360 7f20dd6ae700 Recovering log #34
2016/06/13-03:41:37.775389 7f20dd6ae700 Recovering log #35
2016/06/13-03:41:37.777666 7f20dd6ae700 Recovering log #36
2016/06/13-03:41:37.780099 7f20dd6ae700 Recovering log #37
2016/06/13-03:41:37.782405 7f20dd6ae700 Recovering log #38
2016/06/13-03:41:37.787555 7f20dd6ae700 Recovering log #39
2016/06/13-03:41:37.791134 7f20dd6ae700 Recovering log #40
2016/06/13-03:41:37.792695 7f20dd6ae700 Recovering log #41
2016/06/13-03:41:37.795121 7f20dd6ae700 Recovering log #42
2016/06/13-03:41:37.796554 7f20dd6ae700 Recovering log #43
2016/06/13-03:41:37.798026 7f20dd6ae700 Recovering log #44
2016/06/13-03:41:37.799911 7f20dd6ae700 Recovering log #45
2016/06/13-03:41:37.803189 7f20dd6ae700 Recovering log #46
2016/06/13-03:41:37.806618 7f20dd6ae700 Recovering log #47
2016/06/13-03:41:37.810428 7f20dd6ae700 Recovering log #48
2016/06/13-03:41:37.814158 7f20dd6ae700 Recovering log #49
2016/06/13-03:41:37.817025 7f20dd6ae700 Recovering log #50
2016/06/13-03:41:37.818882 7f20dd6ae700 Recovering log #51
2016/06/13-03:41:37.820544 7f20dd6ae700 Recovering log #52
2016/06/13-03:41:37.822104 7f20dd6ae700 Recovering log #53
2016/06/13-03:41:37.824003 7f20dd6ae700 Recovering log #54
2016/06/13-03:41:37.825446 7f20dd6ae700 Recovering log #55
2016/06/13-03:41:37.828722 7f20dd6ae700 Recovering log #56
2016/06/13-03:41:37.831195 7f20dd6ae700 Recovering log #57
2016/06/13-03:41:37.833017 7f20dd6ae700 Recovering log #58
2016/06/13-03:41:37.836558 7f20dd6ae700 Recovering log #59
2016/06/13-03:41:37.840244 7f20dd6ae700 Recovering log #60
2016/06/13-03:41:37.843347 7f20dd6ae700 Recovering log #61
2016/06/13-03:41:37.846696 7f20dd6ae700 Recovering log #62
2016/06/13-03:41:37.848375 7f20dd6ae700 Recovering log #63
2016/06/13-03:41:37.850771 7f20dd6ae700 Recovering log #64
2016/06/13-03:41:37.854086 7f20dd6ae700 Recovering log #65
2016/06/13-03:41:37.856525 7f20dd6ae700 Recovering log #66
2016/06/13-03:41:37.859052 7f20dd6ae700 Recovering log #67
2016/06/13-03:41:37.864819 7f20dd6ae700 Recovering log #68
2016/06/13-03:41:37.867242 7f20dd6ae700 Recovering log #69
2016/06/13-03:41:37.869002 7f20dd6ae700 Recovering log #70
2016/06/13-03:41:37.871038 7f20dd6ae700 Recovering log #71
2016/06/13-03:41:37.872399 7f20dd6ae700 Recovering log #72
2016/06/13-03:41:37.874581 7f20dd6ae700 Recovering log #73
2016/06/13-03:41:37.875936 7f20dd6ae700 Recovering log #74
2016/06/13-03:41:37.877831 7f20dd6ae700 Recovering log #75
2016/06/13-03:41:37.879662 7f20dd6ae700 Recovering log #76
2016/06/13-03:41:37.881903 7f20dd6ae700 Recovering log #77
2016/06/13-03:41:37.883803 7f20dd6ae700 Recovering log #78
2016/06/13-03:41:37.886108 7f20dd6ae700 Recovering log #79
2016/06/13-03:41:37.887660 7f20dd6ae700 Recovering log #80
2016/06/13-03:41:37.890046 7f20dd6ae700 Recovering log #81
2016/06/13-03:41:37.892218 7f20dd6ae700 Recovering log #82
2016/06/13-03:41:37.895951 7f20dd6ae700 Recovering log #83
2016/06/13-03:41:37.899182 7f20dd6ae700 Recovering log #84
2016/06/13-03:41:37.904183 7f20dd6ae700 Recovering log #85
2016/06/13-03:41:37.909713 7f20dd6ae700 Recovering log #86
2016/06/13-03:41:37.913431 7f20dd6ae700 Recovering log #87
2016/06/13-03:41:37.915799 7f20dd6ae700 Recovering log #88
2016/06/13-03:41:37.918389 7f20dd6ae700 Recovering log #89
2016/06/13-03:41:37.920772 7f20dd6ae700 Recovering log #90
2016/06/13-03:41:37.923328 7f20dd6ae700 Recovering log #91
2016/06/13-03:41:37.926023 7f20dd6ae700 Recovering log #92
2016/06/13-03:41:37.927678 7f20dd6ae700 Recovering log #93
2016/06/13-03:41:37.929197 7f20dd6ae700 Recovering log #94
2016/06/13-03:41:37.931263 7f20dd6ae700 Recovering log #95
2016/06/13-03:41:37.932766 7f20dd6ae700 Recovering log #96
2016/06/13-03:41:37.934810 7f20dd6ae700 Recovering log #97
2016/06/13-03:41:37.937118 7f20dd6ae700 Recovering log #98
2016/06/13-03:41:37.939446 7f20dd6ae700 Recovering log #99
2016/06/13-03:41:37.941982 7f20dd6ae700 Recovering log #100
2016/06/13-03:41:37.944628 7f20dd6ae700 Recovering log #101
2016/06/13-03:41:37.947041 7f20dd6ae700 Recovering log #102
2016/06/13-03:41:37.949653 7f20dd6ae700 Recovering log #103
2016/06/13-03:41:37.951067 7f20dd6ae700 Recovering log #104
2016/06/13-03:41:37.954064 7f20dd6ae700 Recovering log #105
2016/06/13-03:41:37.956085 7f20dd6ae700 Recovering log #106
2016/06/13-03:41:37.958669 7f20dd6ae700 Recovering log #107
2016/06/13-03:41:37.960003 7f20dd6ae700 Recovering log #108
2016/06/13-03:41:37.961412 7f20dd6ae700 Recovering log #109
2016/06/13-03:41:37.962952 7f20dd6ae700 Recovering log #110
2016/06/13-03:41:37.964328 7f20dd6ae700 Recovering log #111
2016/06/13-03:41:37.966080 7f20dd6ae700 Recovering log #112
2016/06/13-03:41:37.968174 7f20dd6ae700 Recovering log #113
2016/06/13-03:41:37.969980 7f20dd6ae700 Recovering log #114
2016/06/13-03:41:37.972448 7f20dd6ae700 Recovering log #115
2016/06/13-03:41:37.974306 7f20dd6ae700 Recovering log #116
2016/06/13-03:41:37.976211 7f20dd6ae700 Recovering log #117
2016/06/13-03:41:37.978723 7f20dd6ae700 Recovering log #118
2016/06/13-03:41:37.980771 7f20dd6ae700 Recovering log #119
2016/06/13-03:41:37.982185 7f20dd6ae700 Recovering log #120
2016/06/13-03:41:37.984117 7f20dd6ae700 Recovering log #121
2016/06/13-03:41:37.985465 7f20dd6ae700 Recovering log #122
2016/06/13-03:41:37.987286 7f20dd6ae700 Recovering log #123
2016/06/13-03:41:37.988816 7f20dd6ae700 Recovering log #124
2016/06/13-03:41:37.990890 7f20dd6ae700 Recovering log #125
2016/06/13-03:41:37.992847 7f20dd6ae700 Recovering log #126
2016/06/13-03:41:37.995166 7f20dd6ae700 Recovering log #127
2016/06/13-03:41:37.997310 7f20dd6ae700 Recovering log #128
2016/06/13-03:41:37.999439 7f20dd6ae700 Recovering log #129
2016/06/13-03:41:38.001195 7f20dd6ae700 Recovering log #130
2016/06/13-03:41:38.003406 7f20dd6ae700 Recovering log #131
2016/06/13-03:41:38.005185 7f20dd6ae700 Recovering log #132
2016/06/13-03:41:38.006707 7f20dd6ae700 Recovering log #133
2016/06/13-03:41:38.008964 7f20dd6ae700 Recovering log #134
2016/06/13-03:41:38.010950 7f20dd6ae700 Recovering log #135
2016/06/13-03:41:38.012556 7f20dd6ae700 Recovering log #136
2016/06/13-03:41:38.013850 7f20dd6ae700 Recovering log #137
2016/06/13-03:41:38.015442 7f20dd6ae700 Recovering log #138
2016/06/13-03:41:38.016735 7f20dd6ae700 Recovering log #139
2016/06/13-03:41:38.018494 7f20dd6ae700 Recovering log #140
2016/06/13-03:41:38.020353 7f20dd6ae700 Recovering log #141
2016/06/13-03:41:38.022251 7f20dd6ae700 Recovering log #142
2016/06/13-03:41:38.023822 7f20dd6ae700 Recovering log #143
2016/06/13-03:41:38.025665 7f20dd6ae700 Recovering log #144
2016/06/13-03:41:38.027275 7f20dd6ae700 Recovering log #145
2016/06/13-03:41:38.029031 7f20dd6ae700 Recovering log #146
2016/06/13-03:41:38.031628 7f20dd6ae700 Recovering log #147
2016/06/13-03:41:38.034073 7f20dd6ae700 Recovering log #148
2016/06/13-03:41:38.036875 7f20dd6ae700 Recovering log #149
2016/06/13-03:41:38.039222 7f20dd6ae700 Recovering log #150
2016/06/13-03:41:38.041814 7f20dd6ae700 Recovering log #151
2016/06/13-03:41:38.043516 7f20dd6ae700 Recovering log #152
2016/06/13-03:41:38.045088 7f20dd6ae700 Recovering log #153
2016/06/13-03:41:38.046659 7f20dd6ae700 Recovering log #154
2016/06/13-03:41:38.048183 7f20dd6ae700 Recovering log #155
2016/06/13-03:41:38.049795 7f20dd6ae700 Recovering log #156
2016/06/13-03:41:38.051591 7f20dd6ae700 Recovering log #157
2016/06/13-03:41:38.053752 7f20dd6ae700 Recovering log #158
2016/06/13-03:41:38.056016 7f20dd6ae700 Recovering log #159
2016/06/13-03:41:38.057930 7f20dd6ae700 Recovering log #160
2016/06/13-03:41:38.060047 7f20dd6ae700 Recovering log #161
2016/06/13-03:41:38.063598 7f20dd6ae700 Recovering log #162
2016/06/13-03:41:38.066935 7f20dd6ae700 Recovering log #163
2016/06/13-03:41:38.070972 7f20dd6ae700 Recovering log #164
2016/06/13-03:41:38.072692 7f20dd6ae700 Recovering log #165
2016/06/13-03:41:38.074361 7f20dd6ae700 Recovering log #166
2016/06/13-03:41:38.075762 7f20dd6ae700 Recovering log #167
2016/06/13-03:41:38.077476 7f20dd6ae700 Recovering log #168
2016/06/13-03:41:38.079401 7f20dd6ae700 Recovering log #169
2016/06/13-03:41:38.080868 7f20dd6ae700 Recovering log #170
2016/06/13-03:41:38.082596 7f20dd6ae700 Recovering log #171
2016/06/13-03:41:38.084072 7f20dd6ae700 Recovering log #172
2016/06/13-03:41:38.085250 7f20dd6ae700 Recovering log #173
2016/06/13-03:41:38.086846 7f20dd6ae700 Recovering log #174
2016/06/13-03:41:38.089247 7f20dd6ae700 Recovering log #175
2016/06/13-03:41:38.092130 7f20dd6ae700 Recovering log #176
2016/06/13-03:41:38.093253 7f20dd6ae700 Recovering log #177
2016/06/13-03:41:38.095326 7f20dd6ae700 Recovering log #178
2016/06/13-03:41:38.097059 7f20dd6ae700 Recovering log #179
2016/06/13-03:41:38.098742 7f20dd6ae700 Recovering log #180
2016/06/13-03:41:38.100938 7f20dd6ae700 Recovering log #181
2016/06/13-03:41:38.102626 7f20dd6ae700 Recovering log #182
2016/06/13-03:41:38.103893 7f20dd6ae700 Recovering log #183
2016/06/13-03:41:38.105648 7f20dd6ae700 Recovering log #184
2016/06/13-03:41:38.106837 7f20dd6ae700 Recovering log #185
2016/06/13-03:41:38.108540 7f20dd6ae700 Recovering log #186
2016/06/13-03:41:38.110159 7f20dd6ae700 Recovering log #187
2016/06/13-03:41:38.111957 7f20dd6ae700 Recovering log #188
2016/06/13-03:41:38.113717 7f20dd6ae700 Recovering log #189
2016/06/13-03:41:38.115634 7f20dd6ae700 Recovering log #190
2016/06/13-03:41:38.117228 7f20dd6ae700 Recovering log #191
2016/06/13-03:41:38.119038 7f20dd6ae700 Recovering log #192
2016/06/13-03:41:38.129127 7f20dd6ae700 Recovering log #193
2016/06/13-03:41:38.130867 7f20dd6ae700 Recovering log #194
2016/06/13-03:41:38.132225 7f20dd6ae700 Recovering log #195
2016/06/13-03:41:38.133911 7f20dd6ae700 Recovering log #196
2016/06/13-03:41:38.135222 7f20dd6ae700 Recovering log #197
2016/06/13-03:41:38.137757 7f20dd6ae700 Recovering log #198
2016/06/13-03:41:38.139333 7f20dd6ae700 Recovering log #199
2016/06/13-03:41:38.140783 7f20dd6ae700 Recovering log #200
2016/06/13-03:41:38.142153 7f20dd6ae700 Recovering log #201
2016/06/13-03:41:38.143410 7f20dd6ae700 Recovering log #202
2016/06/13-03:41:38.144661 7f20dd6ae700 Recovering log #203
2016/06/13-03:41:38.145956 7f20dd6ae700 Recovering log #204
2016/06/13-03:41:38.147347 7f20dd6ae700 Recovering log #205
2016/06/13-03:41:38.148738 7f20dd6ae700 Recovering log #206
2016/06/13-03:41:38.150116 7f20dd6ae700 Recovering log #207
2016/06/13-03:41:38.151556 7f20dd6ae700 Recovering log #208
2016/06/13-03:41:38.153286 7f20dd6ae700 Recovering log #209
2016/06/13-03:41:38.154604 7f20dd6ae700 Recovering log #210
2016/06/13-03:41:38.155941 7f20dd6ae700 Recovering log #211
2016/06/13-03:41:38.157277 7f20dd6ae700 Recovering log #212
2016/06/13-03:41:38.169576 7f20dd6ae700 MANIFEST write: IO error: activity: Invalid argument
